1000
550 400
361.54382 360.67908
255.55504 372.31612
363.71549 360.09341
389.37935 270.76692
71.04086 311.44861
20.56215 189.78838
528.37288 213.59207
278.50090 63.89910
161.47622 10.95271
0.88713 337.18720
281.91284 137.59593
108.36092 314.14646
485.54372 52.04137
530.27302 2.59971
117.96695 397.62110
520.57265 236.80749
144.03034 332.92192
450.25159 234.87585
77.06297 99.12066
189.87425 123.09261
496.66309 25.78731
402.51106 350.83707
311.76096 123.99628
503.86672 323.22396
158.24333 375.35167
212.55710 194.65775
57.68231 397.79831
459.33827 194.98924
355.65453 353.85555
249.62816 300.98207
254.76767 364.17684
528.88585 319.31213
108.82934 99.10342
285.32598 113.33872
350.59969 43.14625
289.04482 184.40189
436.26197 362.09591
510.92221 109.41589
305.12652 349.72572
38.63782 40.04445
73.15182 290.81921
160.80226 184.75916
253.62204 249.51823
273.55369 123.59774
527.76423 376.75428
327.00695 346.45484
322.21862 27.79052
171.66733 159.25348
489.09436 290.66823
87.33329 268.36091
477.84856 48.61655
229.11146 132.12817
436.42006 234.25044
506.95514 359.44860
431.93000 80.64695
26.61138 238.74567
488.82984 134.15594
411.02459 296.81662
304.63326 366.06684
392.09340 15.47377
520.31158 305.01842
413.21531 274.94081
144.06355 109.30479
113.27805 346.47758
153.48821 107.99562
472.66838 322.72169
382.19603 362.05515
41.46907 152.75181
232.58615 31.40929
39.30192 339.89224
496.89915 381.17636
65.24878 63.79474
363.72248 320.04246
84.94530 4.34866
436.88209 236.02778
420.29128 273.48634
448.09671 179.65647
405.25881 201.96640
153.90243 141.80747
239.00396 281.73287
521.17329 83.29014
14.89981 130.46408
424.06985 295.45344
131.20846 323.44068
498.44051 205.90368
345.89630 328.87773
27.58184 290.67088
324.57209 386.38161
465.83195 113.92992
96.68882 384.20792
443.72732 88.64791
331.00045 19.51240
90.39634 136.29513
416.80157 166.80220
205.49420 221.02223
192.70236 233.31084
264.30175 143.47220
199.60388 346.03545
245.61678 201.66130
199.13788 93.69088
332.76009 361.12844
443.12259 37.85050
453.39875 223.81852
503.56056 311.05945
343.95787 144.93065
476.36678 335.72166
249.14810 119.22777
5.36471 226.07733
296.57897 343.06994
336.12534 176.60363
170.55950 55.69909
51.94855 293.68660
48.00570 173.06874
66.69856 293.42814
502.88031 349.77770
501.30450 266.96729
383.78381 39.43253
52.52464 305.71110
272.19613 271.02904
24.04710 182.38550
386.43747 218.70884
31.16201 99.83248
58.67173 214.51237
11.08995 147.99568
129.22019 238.51594
71.58836 350.55157
124.08335 118.00520
40.68220 236.15960
257.88752 277.10381
340.27753 335.32014
335.47845 300.54128
496.01589 282.34427
61.07771 10.00968
465.01492 92.95591
254.29855 198.82458
12.11478 291.56152
167.38584 30.37107
543.91251 78.23887
97.80134 178.08171
318.21577 254.01173
194.71787 269.45827
484.58448 363.99296
117.11800 93.91534
379.35386 271.49414
515.01010 343.98921
545.94411 342.21561
473.78141 381.72105
378.36151 396.14618
384.90029 56.78908
42.58335 375.81762
534.06154 350.23024
466.99325 83.07452
230.43617 377.35704
109.19545 152.53588
487.94366 55.74144
252.38685 58.44014
61.40741 128.90276
60.00203 192.58147
87.08553 233.60261
172.57148 304.56007
428.38698 108.41517
115.64530 261.58563
433.58935 63.50697
2.23415 363.58812
373.06766 66.32592
307.50645 140.40598
38.92445 245.16477
317.45533 261.33736
159.97994 72.33011
356.91113 303.35571
159.83672 160.91346
235.62452 52.80657
215.17697 293.92662
514.18289 156.41808
455.58071 1.82903
284.24680 90.97339
484.97265 114.24086
180.00570 387.00872
248.31014 33.90059
139.85150 220.41647
165.31880 15.69207
69.05619 76.84837
455.96311 80.83113
365.71341 197.32934
89.90721 156.06796
63.36696 129.50840
304.47764 0.02663
364.59816 137.48830
302.58266 63.56904
440.38144 264.19172
113.67362 28.33619
300.24200 293.73688
327.15281 377.38512
548.16154 127.31153
138.63704 374.10565
28.77757 364.54956
435.18084 60.36666
137.70907 373.43043
435.94260 332.10717
318.81598 235.23689
149.84684 210.35324
449.86151 67.12235
261.55032 97.90726
226.39676 153.35484
261.46386 96.72178
91.72350 57.31989
44.71248 158.23584
28.51601 39.88074
467.73451 348.71705
125.09469 75.70944
319.72652 33.91875
6.44416 137.71828
289.33418 322.12677
476.85504 210.73670
384.86993 251.93622
357.54407 99.09411
48.90670 370.86414
168.76841 308.78507
145.35315 323.16985
501.80036 113.40861
489.05841 250.01987
251.66541 154.08932
484.62633 2.40055
36.77107 177.10318
292.43650 176.94661
216.46657 178.94717
395.87588 7.11992
432.17243 107.10670
254.47788 376.93800
242.00653 155.79122
243.04683 71.71772
92.80778 199.42348
446.91395 240.06507
327.12036 222.68367
308.22682 313.60766
306.05156 134.42551
497.61781 315.73215
141.95292 293.79652
419.72776 387.85429
127.59925 230.41108
49.87940 71.51528
270.95218 6.43945
542.70110 206.86331
196.69428 46.99269
451.69475 42.84512
157.50739 256.19817
151.62249 101.69787
409.54274 239.87643
63.15521 300.09722
297.69316 271.74563
391.48200 1.58335
167.12698 68.59555
457.52254 59.65194
418.08025 280.88851
522.01570 108.16312
151.12890 258.76058
229.07592 165.48667
360.07407 319.41160
76.81448 41.06774
319.17392 220.38859
8.31667 267.86267
80.74192 234.28251
156.64621 331.36020
498.10660 323.87399
72.61684 225.66927
267.58965 32.77929
163.82709 239.41960
191.50875 35.16352
127.89719 158.98769
252.24901 229.10334
171.97808 373.82576
405.17108 11.69775
524.42111 78.43714
495.53636 340.04017
13.00244 287.80741
531.72930 360.68177
457.28983 117.86561
3.84382 181.23057
50.62026 129.81629
523.17552 161.24739
389.72517 96.94794
74.32368 315.61457
497.29595 324.78973
17.45601 252.06954
124.72578 40.25355
53.82724 105.61078
118.89463 162.66421
522.86615 185.99916
38.18264 179.34645
84.05867 320.59359
258.90322 270.70243
401.45361 353.27530
474.03986 264.47995
92.90517 151.23071
451.55249 46.19627
30.14065 374.87874
489.58673 112.44865
379.40414 182.24353
80.67564 26.10834
5.77639 167.58978
26.46696 217.16001
477.30834 175.15292
328.63955 70.21446
147.83017 182.31257
370.49098 149.48833
269.71013 212.57275
247.18463 334.30953
39.93679 217.22855
100.83721 172.97337
314.68549 255.61392
169.50918 110.03955
339.00460 307.34158
366.72848 1.92614
129.41892 65.96107
520.43414 107.92195
368.09748 91.97699
467.16925 328.50456
467.77012 344.18481
168.98431 260.11699
296.80143 361.79749
46.82962 45.32118
363.74338 35.85167
255.22177 19.51264
400.28695 186.89785
158.66227 190.14579
200.82060 56.99445
310.66765 231.68539
475.77795 327.54155
531.33807 139.26510
204.61889 190.50547
29.14811 156.29953
432.63833 129.10121
417.08625 76.06228
393.83371 5.01508
382.40035 114.50749
459.78692 2.76584
83.02538 261.37864
461.92853 347.81807
112.27477 338.91354
411.65192 93.57707
146.57070 132.22009
399.53170 63.41046
268.86912 302.66356
391.37570 237.35702
493.00399 355.37077
55.00188 289.19907
451.43061 104.22329
247.48092 8.09031
100.79190 262.47647
368.12263 379.94654
246.36181 384.40744
237.70881 157.32259
337.73858 393.16024
349.38715 12.51406
244.16655 152.22241
301.24073 47.13826
128.55855 372.73268
514.83433 122.46459
454.67137 396.08492
468.01383 178.27970
131.95594 51.05961
523.89672 224.08889
127.35881 256.97914
121.34166 214.97068
202.79574 329.14930
355.22167 165.41685
371.14828 240.11476
17.55092 208.00635
402.45327 200.02197
192.92626 69.77671
105.46050 241.64859
103.84504 17.67230
7.92758 230.42411
383.24733 315.46465
211.90146 267.03209
63.10565 38.05525
107.80493 9.94988
209.04714 305.08723
93.40178 217.54742
301.84285 24.30783
110.65807 394.13238
417.13598 76.13911
135.14753 21.59442
135.00526 124.43000
78.96753 268.06704
270.87234 104.37871
49.13828 287.29109
508.86068 317.12950
39.15050 57.12974
388.00186 351.56421
271.70853 152.95005
40.65844 157.32394
205.78363 311.35229
211.19579 109.11231
520.84818 311.99349
241.28422 30.84704
145.60528 190.01746
546.24995 289.24250
207.65821 88.86907
174.61845 19.92135
544.38365 373.03632
290.40522 315.16899
33.77749 342.52925
544.80911 180.96022
377.23616 225.67034
260.75036 261.90320
394.11650 74.03677
490.16981 136.26126
20.48649 343.16062
220.16826 199.22891
41.73400 314.85836
199.91433 381.15391
80.64497 101.82698
85.78633 388.41290
259.19266 172.40964
57.43825 208.16371
153.59833 343.19914
492.39220 84.21333
118.22944 9.41340
351.35889 49.75554
214.59476 217.74269
220.77554 393.74861
447.07676 33.63382
233.02427 141.21853
327.11008 114.74233
238.45700 343.78897
162.27031 274.54928
236.70212 305.25511
546.18130 304.90476
37.76504 208.03351
109.27958 23.52603
166.16000 159.83657
279.29304 222.24378
143.72192 245.93498
543.79690 114.05541
238.84722 350.88779
355.40317 211.81028
51.69938 304.63503
523.02099 318.61705
316.38965 311.36353
190.19327 69.82923
242.30537 235.57223
463.77099 238.73044
437.60838 148.27886
173.13015 2.80656
8.46234 377.32550
461.76678 164.75766
507.77316 359.25618
289.42412 132.16819
17.13841 256.25531
303.91178 82.01942
435.30133 380.15129
427.47011 370.99386
515.69207 156.50533
92.91384 299.78713
494.61361 265.32116
259.85745 199.40804
530.29156 310.92685
541.08044 79.71353
181.35723 302.09569
23.53437 365.19078
241.36966 164.48861
477.62393 340.26415
13.70774 261.01621
362.21308 236.17057
58.57506 261.73444
251.31292 213.71232
420.96009 83.40291
81.60140 230.96208
505.18108 209.85128
47.80569 132.26026
248.12016 307.81401
155.54682 54.61107
9.41263 268.91003
428.50138 219.84839
292.70758 236.95898
458.67904 365.70901
487.65266 220.84177
435.24527 66.21589
377.48082 346.62837
38.63683 1.53996
491.98859 68.71181
292.72382 59.77456
50.29535 338.20269
328.46516 187.82215
382.06000 17.85414
477.88532 155.85873
489.80606 336.30303
387.26855 59.60681
118.66846 90.42864
63.22248 56.91363
383.22466 33.14559
344.70666 319.89672
114.11022 224.96374
128.25238 81.18474
129.84301 281.16297
212.41791 362.54697
311.69302 212.44688
21.03030 96.47059
261.53356 135.45450
62.95709 286.01044
504.39771 120.52532
239.03276 395.50158
458.93743 47.62813
14.33309 124.49059
90.14575 357.37985
536.24618 89.50726
179.55147 12.59653
245.73245 323.06384
548.63338 226.83374
150.79687 296.53459
401.42499 369.88968
307.51470 383.33428
312.19371 326.25969
34.95835 301.07960
73.67717 261.04662
426.06569 306.18310
440.64721 238.84702
506.87192 161.59521
252.54609 44.64881
491.59437 358.17516
47.60197 271.79175
530.81642 142.43732
439.18029 70.55754
254.45949 388.18539
163.16437 91.97206
20.36314 246.81200
372.88391 314.91801
543.11174 20.80739
205.52131 10.67153
96.25176 27.28613
321.02615 277.49242
504.23749 353.10669
521.35469 368.91278
218.32337 150.42402
194.32614 242.88480
303.19001 281.28135
392.54944 174.96399
48.34633 92.11247
153.72413 307.21976
160.29404 283.79213
294.15559 245.58071
288.07112 40.13686
12.54992 71.83803
486.10981 187.52512
276.06572 202.54554
174.34995 380.57067
375.19944 5.57094
316.24228 343.54882
228.36847 376.06819
450.65708 244.54103
341.03041 377.15664
183.78159 139.02867
227.83918 166.60836
421.84599 291.93268
489.68825 159.36029
304.96074 271.86118
400.52853 116.68399
386.47900 208.59296
201.57267 6.36095
491.11633 114.59034
422.91012 244.22734
528.56558 293.60028
504.65645 305.96754
87.53834 394.16876
21.54800 89.05146
138.04513 213.15848
126.36700 208.22638
227.29487 314.12599
318.74501 23.98946
66.85015 97.67979
66.74163 31.98288
375.61784 345.70660
509.13284 282.26918
464.88595 58.61868
246.56776 350.95978
527.93549 14.54053
439.66493 252.68567
277.76244 301.61925
521.71861 360.91449
212.13771 109.40805
2.97285 294.13409
175.61445 112.53849
342.39563 229.43814
433.16005 39.66207
141.54743 21.06532
269.84600 92.90816
273.48844 229.95854
535.47245 367.87009
497.70527 311.42713
62.13484 121.39754
479.76324 361.50992
246.55851 244.23843
431.80180 388.65300
507.53305 17.83968
217.09074 255.83167
251.97137 369.38117
368.65171 229.26143
510.99959 386.38367
308.42429 73.35875
290.05195 211.99628
19.61774 247.62800
114.20085 14.33531
270.73954 389.66612
491.89576 308.01155
65.32866 309.49289
216.91505 303.24887
46.64611 373.92980
279.65390 167.76267
271.48759 225.76615
364.87646 108.83215
481.88259 60.96711
273.75451 17.76612
347.73133 378.19338
123.39540 66.22773
127.40561 218.41841
147.13029 303.64916
97.00188 28.44424
343.58993 377.23254
382.28399 210.63298
352.03826 180.79973
490.39094 162.18634
215.56512 136.01844
331.10877 360.82150
382.55766 319.29837
289.91837 219.70692
440.37598 369.91633
167.13037 213.03765
123.35178 249.69505
29.20553 164.64496
440.10981 271.82617
329.83341 195.55125
522.77991 176.19308
549.50451 242.39608
212.92405 200.81552
123.16046 287.17562
515.94503 83.80287
476.04408 79.75281
527.37552 327.46908
268.09554 188.11140
460.76352 266.02780
457.15337 77.34273
237.87688 300.55157
230.81814 396.86956
487.64248 299.64493
126.12418 146.42697
90.61650 211.54678
5.13910 94.83601
450.85102 393.14285
283.27295 141.62146
526.77741 33.63498
215.42882 240.04028
57.17094 335.37929
383.16310 41.10369
377.39138 11.67128
43.74910 371.69077
84.91318 171.02097
249.44901 25.86723
181.66419 179.72759
322.39938 127.03922
243.88581 29.32813
227.30222 309.58657
248.10775 82.76041
20.58826 172.13667
364.39938 232.84636
170.88119 270.65488
215.31526 278.96725
341.44150 148.04355
190.89582 112.56807
0.80507 137.95712
406.71524 99.39384
533.05704 134.05640
343.28657 56.12628
304.09282 181.94093
461.14036 241.35503
454.81839 229.51364
546.58612 215.58304
486.52859 62.54797
208.54703 72.23149
327.67709 155.74301
166.92661 201.37516
374.91387 285.56802
197.72170 20.20496
334.61507 79.71307
179.53984 188.97960
304.16803 218.97850
520.30976 328.49450
124.99826 360.95125
331.79207 364.86114
361.73754 20.83180
13.00306 349.65616
64.03189 23.29117
251.85813 138.26474
149.27521 330.25299
257.22187 256.50869
156.02887 253.01131
191.12040 245.41516
9.05024 73.11033
233.12738 346.24763
407.70172 124.92804
525.87860 172.68626
400.05009 33.92124
72.30046 14.31053
485.18954 258.00508
381.45667 225.30257
96.23495 345.55596
40.92283 174.55542
506.03039 202.04208
279.29218 68.13557
66.90602 148.30173
272.79650 202.31555
544.79045 257.00493
95.09467 65.15719
236.64814 169.84972
309.03723 176.89233
418.56069 126.55997
253.65847 244.11304
109.80825 277.76728
388.77847 100.04939
356.03197 107.37499
473.41634 212.97789
81.96998 156.01822
522.72095 267.07011
541.35972 215.74922
411.31945 254.75581
398.38593 157.09318
118.86459 266.94112
411.52879 353.13493
96.12991 327.18766
356.82808 281.31309
517.25823 188.22423
373.42976 312.11320
375.71175 193.92815
489.81756 134.86781
278.10325 107.17935
494.35745 124.38619
441.40617 13.75525
148.69464 18.15278
155.04702 34.70098
207.14253 152.34861
80.07719 14.37426
99.48984 195.96583
173.00206 198.63055
458.62736 25.80075
141.91339 377.37917
78.05707 301.12704
517.32708 38.00729
517.69682 25.36558
349.57194 160.93364
89.42999 123.08380
478.70533 385.82010
496.57516 214.17248
311.75061 186.73434
73.86201 333.06379
285.55678 216.82285
426.59974 319.37010
391.77396 117.81888
399.51152 197.33833
343.31977 236.97571
67.18267 265.03078
319.27934 53.78112
279.23275 230.15849
237.43800 91.07488
464.17122 158.00910
170.58898 269.95604
146.43342 237.92671
544.38901 65.13338
161.31808 228.31697
230.85375 27.13697
412.46022 106.16606
182.58985 260.07528
6.07208 125.57794
238.55487 78.38744
165.47274 380.85007
322.51618 313.30587
378.40077 273.12299
300.44924 399.51040
58.26725 195.65525
162.87046 44.72038
108.85540 81.29047
402.54446 369.73700
20.01069 196.69904
267.13519 303.71363
439.58944 321.49268
530.18950 329.19770
164.34643 216.32557
142.34745 193.75314
469.54151 262.61148
247.86681 339.73809
203.83215 347.50185
529.43024 151.07827
362.49371 271.28557
26.77200 75.64192
518.17128 170.38667
111.91682 54.08783
134.21625 277.65180
145.76689 270.82386
461.19855 182.63502
137.40398 39.97856
122.40922 208.10314
278.79188 249.05450
79.08087 385.00021
333.57011 205.19727
30.65274 186.62574
269.32370 163.78004
549.69430 273.79647
438.09396 266.26879
175.07603 6.27757
529.96429 274.09931
440.63804 191.78430
349.31021 357.56252
449.95664 272.37117
92.74688 83.46033
420.84658 89.04120
291.93754 242.55983
365.96063 118.92305
373.24521 267.63930
48.26075 245.38033
329.71543 315.18509
352.23471 99.93204
299.07168 18.56417
93.51861 205.87939
344.28530 267.76252
251.06122 157.04949
490.85065 130.54551
347.12724 281.08244
87.15215 202.16165
421.28694 265.20334
221.25244 255.47710
45.07630 63.43707
149.06276 260.69366
4.23658 257.73887
165.17435 53.56870
485.35428 111.52937
428.63582 153.32123
243.32205 232.63866
441.65442 66.17362
195.32840 253.67930
519.58074 57.74443
536.05825 241.38394
85.60384 237.27342
97.44909 62.45886
523.34037 68.92495
334.69645 62.02023
374.94416 110.18245
508.24004 351.69572
381.49396 274.61142
349.18621 357.98950
276.23498 26.03455
543.03463 247.52455
359.75619 33.42817
493.67662 224.29141
459.37824 350.61445
186.41980 85.04880
502.90817 332.08998
405.26802 222.53622
19.48498 256.09647
475.84827 82.17535
317.49642 398.30527
251.22494 106.45172
431.49046 84.25289
133.38002 42.18442
76.63573 245.93030
228.36133 139.40685
50.60376 217.69456
318.01396 236.59740
328.75175 128.93682
45.80894 205.51433
9.17748 285.70629
158.57080 119.90502
179.59954 380.75575
369.87987 215.87501
148.08385 231.23933
514.58788 27.71837
4.39357 15.55927
97.23406 211.52614
58.18286 65.62377
0.18722 309.90527
84.38556 168.04392
510.06290 264.65646
94.96862 37.56298
443.37737 50.27446
549.72571 148.27720
4.49972 379.65023
116.97962 242.97289
40.75020 24.37020
447.94360 388.17005
70.96805 295.52291
436.05908 2.22847
455.03350 246.93969
494.88442 256.13797
442.67890 391.31094
255.05115 231.37994
340.46051 160.63583
452.43664 16.51296
515.98757 195.97820
6.01898 133.90115
168.41690 17.51787
364.88699 310.26902
83.82124 304.40137
389.57060 39.53281
463.32659 104.91235
173.23863 233.62356
260.88817 0.99715
403.37845 316.78279
446.23713 167.19697
64.32864 391.07745
116.87942 192.55336
85.47868 385.64632
371.06550 275.06973
199.08057 199.45577
71.37410 151.82680
85.43598 357.10820
525.96548 93.86600
251.72799 19.51234
141.65902 273.47008
213.95997 325.99002
459.77740 2.48589
429.34522 391.65997
522.17377 343.85017
359.05902 43.70428
481.02115 14.49445
278.52081 352.38939
11.79196 126.32097
144.31756 197.47857
464.39358 152.95731
523.51009 107.93899
42.64987 363.51254
442.38273 222.61164
487.23096 30.57410
117.70235 241.77816
201.73315 398.19935
94.24621 74.32451
255.89776 286.67222
77.73896 132.46655
423.93273 314.31024
22.40746 285.76862
469.56237 232.62352
507.11803 358.45178
422.78074 399.64236
113.50392 338.75369
56.32093 157.24622
453.62181 366.36821
262.57737 31.84187
233.49449 273.75796
404.13008 43.75487
482.40260 379.39911
63.11978 189.21352
375.98191 165.78298
346.50960 149.82042
284.06318 222.26484
265.74377 287.92211
31.76024 192.61579
450.47595 202.30336
274.56771 239.39950
176.88928 147.14775
305.17311 122.06069
91.66747 58.22208
331.31898 382.87856
342.90070 383.75798
340.36899 344.70330
89.12243 383.51913
497.23797 46.65996
147.27272 238.05884
108.03902 278.76936
159.67058 1.18780
372.18171 123.70122
309.05295 332.18761
290.72388 73.64074
389.39942 260.32160
98.53533 62.51493
298.61198 362.70958
42.27500 38.59113
107.15586 77.64909
485.31417 399.72535
74.49201 228.98150
134.55658 323.30405
332.54448 203.11645
502.61208 145.18839
282.54480 398.84412
441.97408 276.73552
158.38309 161.08056
415.73158 96.23759
146.07015 213.20630
101.91516 210.88396
115.07665 218.67490
265.83211 57.61863
113.16553 131.08318
26.68912 396.02983
401.87044 32.91061
41.43207 43.67470
514.99801 16.65107
430.05055 214.00750
157.44351 128.07572
322.60071 39.34546
276.20944 69.88138
468.89345 96.07188
229.80323 54.99446
117.17576 196.54196
406.16556 302.31607
