100
100 100
13.83763 29.53676
96.44843 27.51210
40.31065 89.83585
89.53190 29.19881
47.38658 90.67325
68.97779 83.86405
93.06373 47.75571
42.71323 54.50923
11.77838 75.26932
43.25966 48.68497
23.15004 60.64162
87.50317 75.02972
26.06002 52.67433
69.13853 75.32642
48.54974 9.43643
12.52529 19.92223
60.06060 85.99883
4.29218 2.10996
16.69681 28.90813
84.74841 17.94888
2.47849 84.23860
25.00821 72.00653
49.96180 19.12758
37.70776 6.63192
72.13855 2.89126
69.29105 12.62461
14.18753 93.13402
0.06414 42.54283
38.43519 24.70586
34.56478 14.39792
88.79337 4.92899
99.26691 63.11119
41.97685 77.20612
77.23763 69.86313
41.96385 26.93908
0.08630 75.34397
31.44755 68.62813
86.39363 61.91833
39.43701 71.08856
62.78085 71.84578
57.70100 48.91275
28.87707 13.95281
40.40826 72.62197
30.66531 99.53088
91.10313 27.39382
88.03544 39.73885
59.06539 80.81780
81.84500 31.41735
53.13847 3.82233
43.38641 55.97604
95.27027 25.73358
4.88185 16.89425
78.29605 94.36752
63.47453 45.37883
62.90289 55.12302
83.15813 10.85227
47.25053 59.23540
9.18326 83.19798
69.38342 60.66605
97.70319 7.06850
57.35406 63.54531
69.76792 65.06633
24.88782 37.65209
83.24905 26.23601
21.45459 28.10514
78.87520 99.05985
84.77276 47.25738
97.28027 34.02888
11.05623 51.72589
82.81494 49.86421
53.72529 75.55691
86.84394 89.59311
84.83724 11.71615
58.34966 47.93784
5.15307 8.41162
62.88522 49.85437
68.54132 74.19714
2.26757 1.56187
94.33067 66.37144
16.87423 80.03284
77.25786 70.87893
40.00462 74.66765
68.81761 68.73481
39.48969 45.75610
96.10666 23.93844
25.58130 18.33258
4.66373 20.90538
26.12522 87.16043
60.34289 25.63995
30.11972 68.83464
21.91757 44.18641
78.98367 0.37138
0.89779 4.33854
41.20666 50.15648
57.95334 92.15349
40.52525 76.75397
46.37077 33.50737
20.36817 43.82960
2.13210 22.74642
18.03502 75.32344
